<BeginHMM>
 <NumStates> 18 <VecSize> 39 <MFCC_0_D_A> <nullD> <diagC>
 <StreamInfo> 1 39
 <State> 2 <NumMixes> 1   
  <Stream> 1
  <Mixture> 1 1.0
    <Mean> 39
      0.0 0.0 0.0 0.0 0.0 0.0 0.0 0.0 0.0 0.0 0.0 0.0 0.0 0.0 0.0 0.0 0.0 0.0 0.0 0.0 0.0 0.0 0.0 0.0 0.0 0.0 0.0 0.0 0.0 0.0 0.0 0.0 0.0 0.0 0.0 0.0 0.0 0.0 0.0
    <Variance> 39
      1.0 1.0 1.0 1.0 1.0 1.0 1.0 1.0 1.0 1.0 1.0 1.0 1.0 1.0 1.0 1.0 1.0 1.0 1.0 1.0 1.0 1.0 1.0 1.0 1.0 1.0 1.0 1.0 1.0 1.0 1.0 1.0 1.0 1.0 1.0 1.0 1.0 1.0 1.0
 <State> 3 <NumMixes> 1   
  <Stream> 1
  <Mixture> 1 1.0
    <Mean> 39
      0.0 0.0 0.0 0.0 0.0 0.0 0.0 0.0 0.0 0.0 0.0 0.0 0.0 0.0 0.0 0.0 0.0 0.0 0.0 0.0 0.0 0.0 0.0 0.0 0.0 0.0 0.0 0.0 0.0 0.0 0.0 0.0 0.0 0.0 0.0 0.0 0.0 0.0 0.0
    <Variance> 39
      1.0 1.0 1.0 1.0 1.0 1.0 1.0 1.0 1.0 1.0 1.0 1.0 1.0 1.0 1.0 1.0 1.0 1.0 1.0 1.0 1.0 1.0 1.0 1.0 1.0 1.0 1.0 1.0 1.0 1.0 1.0 1.0 1.0 1.0 1.0 1.0 1.0 1.0 1.0
 <State> 4 <NumMixes> 1   
  <Stream> 1
  <Mixture> 1 1.0
    <Mean> 39
      0.0 0.0 0.0 0.0 0.0 0.0 0.0 0.0 0.0 0.0 0.0 0.0 0.0 0.0 0.0 0.0 0.0 0.0 0.0 0.0 0.0 0.0 0.0 0.0 0.0 0.0 0.0 0.0 0.0 0.0 0.0 0.0 0.0 0.0 0.0 0.0 0.0 0.0 0.0
    <Variance> 39
      1.0 1.0 1.0 1.0 1.0 1.0 1.0 1.0 1.0 1.0 1.0 1.0 1.0 1.0 1.0 1.0 1.0 1.0 1.0 1.0 1.0 1.0 1.0 1.0 1.0 1.0 1.0 1.0 1.0 1.0 1.0 1.0 1.0 1.0 1.0 1.0 1.0 1.0 1.0
 <State> 5 <NumMixes> 1   
  <Stream> 1
  <Mixture> 1 1.0
    <Mean> 39
      0.0 0.0 0.0 0.0 0.0 0.0 0.0 0.0 0.0 0.0 0.0 0.0 0.0 0.0 0.0 0.0 0.0 0.0 0.0 0.0 0.0 0.0 0.0 0.0 0.0 0.0 0.0 0.0 0.0 0.0 0.0 0.0 0.0 0.0 0.0 0.0 0.0 0.0 0.0
    <Variance> 39
      1.0 1.0 1.0 1.0 1.0 1.0 1.0 1.0 1.0 1.0 1.0 1.0 1.0 1.0 1.0 1.0 1.0 1.0 1.0 1.0 1.0 1.0 1.0 1.0 1.0 1.0 1.0 1.0 1.0 1.0 1.0 1.0 1.0 1.0 1.0 1.0 1.0 1.0 1.0
 <State> 6 <NumMixes> 1   
  <Stream> 1
  <Mixture> 1 1.0
    <Mean> 39
      0.0 0.0 0.0 0.0 0.0 0.0 0.0 0.0 0.0 0.0 0.0 0.0 0.0 0.0 0.0 0.0 0.0 0.0 0.0 0.0 0.0 0.0 0.0 0.0 0.0 0.0 0.0 0.0 0.0 0.0 0.0 0.0 0.0 0.0 0.0 0.0 0.0 0.0 0.0
    <Variance> 39
      1.0 1.0 1.0 1.0 1.0 1.0 1.0 1.0 1.0 1.0 1.0 1.0 1.0 1.0 1.0 1.0 1.0 1.0 1.0 1.0 1.0 1.0 1.0 1.0 1.0 1.0 1.0 1.0 1.0 1.0 1.0 1.0 1.0 1.0 1.0 1.0 1.0 1.0 1.0
 <State> 7 <NumMixes> 1   
  <Stream> 1
  <Mixture> 1 1.0
    <Mean> 39
      0.0 0.0 0.0 0.0 0.0 0.0 0.0 0.0 0.0 0.0 0.0 0.0 0.0 0.0 0.0 0.0 0.0 0.0 0.0 0.0 0.0 0.0 0.0 0.0 0.0 0.0 0.0 0.0 0.0 0.0 0.0 0.0 0.0 0.0 0.0 0.0 0.0 0.0 0.0
    <Variance> 39
      1.0 1.0 1.0 1.0 1.0 1.0 1.0 1.0 1.0 1.0 1.0 1.0 1.0 1.0 1.0 1.0 1.0 1.0 1.0 1.0 1.0 1.0 1.0 1.0 1.0 1.0 1.0 1.0 1.0 1.0 1.0 1.0 1.0 1.0 1.0 1.0 1.0 1.0 1.0
 <State> 8 <NumMixes> 1   
  <Stream> 1
  <Mixture> 1 1.0
    <Mean> 39
      0.0 0.0 0.0 0.0 0.0 0.0 0.0 0.0 0.0 0.0 0.0 0.0 0.0 0.0 0.0 0.0 0.0 0.0 0.0 0.0 0.0 0.0 0.0 0.0 0.0 0.0 0.0 0.0 0.0 0.0 0.0 0.0 0.0 0.0 0.0 0.0 0.0 0.0 0.0
    <Variance> 39
      1.0 1.0 1.0 1.0 1.0 1.0 1.0 1.0 1.0 1.0 1.0 1.0 1.0 1.0 1.0 1.0 1.0 1.0 1.0 1.0 1.0 1.0 1.0 1.0 1.0 1.0 1.0 1.0 1.0 1.0 1.0 1.0 1.0 1.0 1.0 1.0 1.0 1.0 1.0
 <State> 9 <NumMixes> 1   
  <Stream> 1
  <Mixture> 1 1.0
    <Mean> 39
      0.0 0.0 0.0 0.0 0.0 0.0 0.0 0.0 0.0 0.0 0.0 0.0 0.0 0.0 0.0 0.0 0.0 0.0 0.0 0.0 0.0 0.0 0.0 0.0 0.0 0.0 0.0 0.0 0.0 0.0 0.0 0.0 0.0 0.0 0.0 0.0 0.0 0.0 0.0
    <Variance> 39
      1.0 1.0 1.0 1.0 1.0 1.0 1.0 1.0 1.0 1.0 1.0 1.0 1.0 1.0 1.0 1.0 1.0 1.0 1.0 1.0 1.0 1.0 1.0 1.0 1.0 1.0 1.0 1.0 1.0 1.0 1.0 1.0 1.0 1.0 1.0 1.0 1.0 1.0 1.0
 <State> 10 <NumMixes> 1   
  <Stream> 1
  <Mixture> 1 1.0
    <Mean> 39
      0.0 0.0 0.0 0.0 0.0 0.0 0.0 0.0 0.0 0.0 0.0 0.0 0.0 0.0 0.0 0.0 0.0 0.0 0.0 0.0 0.0 0.0 0.0 0.0 0.0 0.0 0.0 0.0 0.0 0.0 0.0 0.0 0.0 0.0 0.0 0.0 0.0 0.0 0.0
    <Variance> 39
      1.0 1.0 1.0 1.0 1.0 1.0 1.0 1.0 1.0 1.0 1.0 1.0 1.0 1.0 1.0 1.0 1.0 1.0 1.0 1.0 1.0 1.0 1.0 1.0 1.0 1.0 1.0 1.0 1.0 1.0 1.0 1.0 1.0 1.0 1.0 1.0 1.0 1.0 1.0
 <State> 11 <NumMixes> 1   
  <Stream> 1
  <Mixture> 1 1.0
    <Mean> 39
      0.0 0.0 0.0 0.0 0.0 0.0 0.0 0.0 0.0 0.0 0.0 0.0 0.0 0.0 0.0 0.0 0.0 0.0 0.0 0.0 0.0 0.0 0.0 0.0 0.0 0.0 0.0 0.0 0.0 0.0 0.0 0.0 0.0 0.0 0.0 0.0 0.0 0.0 0.0
    <Variance> 39
      1.0 1.0 1.0 1.0 1.0 1.0 1.0 1.0 1.0 1.0 1.0 1.0 1.0 1.0 1.0 1.0 1.0 1.0 1.0 1.0 1.0 1.0 1.0 1.0 1.0 1.0 1.0 1.0 1.0 1.0 1.0 1.0 1.0 1.0 1.0 1.0 1.0 1.0 1.0
 <State> 12 <NumMixes> 1   
  <Stream> 1
  <Mixture> 1 1.0
    <Mean> 39
      0.0 0.0 0.0 0.0 0.0 0.0 0.0 0.0 0.0 0.0 0.0 0.0 0.0 0.0 0.0 0.0 0.0 0.0 0.0 0.0 0.0 0.0 0.0 0.0 0.0 0.0 0.0 0.0 0.0 0.0 0.0 0.0 0.0 0.0 0.0 0.0 0.0 0.0 0.0
    <Variance> 39
      1.0 1.0 1.0 1.0 1.0 1.0 1.0 1.0 1.0 1.0 1.0 1.0 1.0 1.0 1.0 1.0 1.0 1.0 1.0 1.0 1.0 1.0 1.0 1.0 1.0 1.0 1.0 1.0 1.0 1.0 1.0 1.0 1.0 1.0 1.0 1.0 1.0 1.0 1.0
 <State> 13 <NumMixes> 1   
  <Stream> 1
  <Mixture> 1 1.0
    <Mean> 39
      0.0 0.0 0.0 0.0 0.0 0.0 0.0 0.0 0.0 0.0 0.0 0.0 0.0 0.0 0.0 0.0 0.0 0.0 0.0 0.0 0.0 0.0 0.0 0.0 0.0 0.0 0.0 0.0 0.0 0.0 0.0 0.0 0.0 0.0 0.0 0.0 0.0 0.0 0.0
    <Variance> 39
      1.0 1.0 1.0 1.0 1.0 1.0 1.0 1.0 1.0 1.0 1.0 1.0 1.0 1.0 1.0 1.0 1.0 1.0 1.0 1.0 1.0 1.0 1.0 1.0 1.0 1.0 1.0 1.0 1.0 1.0 1.0 1.0 1.0 1.0 1.0 1.0 1.0 1.0 1.0
 <State> 14 <NumMixes> 1   
  <Stream> 1
  <Mixture> 1 1.0
    <Mean> 39
      0.0 0.0 0.0 0.0 0.0 0.0 0.0 0.0 0.0 0.0 0.0 0.0 0.0 0.0 0.0 0.0 0.0 0.0 0.0 0.0 0.0 0.0 0.0 0.0 0.0 0.0 0.0 0.0 0.0 0.0 0.0 0.0 0.0 0.0 0.0 0.0 0.0 0.0 0.0
    <Variance> 39
      1.0 1.0 1.0 1.0 1.0 1.0 1.0 1.0 1.0 1.0 1.0 1.0 1.0 1.0 1.0 1.0 1.0 1.0 1.0 1.0 1.0 1.0 1.0 1.0 1.0 1.0 1.0 1.0 1.0 1.0 1.0 1.0 1.0 1.0 1.0 1.0 1.0 1.0 1.0
 <State> 15 <NumMixes> 1   
  <Stream> 1
  <Mixture> 1 1.0
    <Mean> 39
      0.0 0.0 0.0 0.0 0.0 0.0 0.0 0.0 0.0 0.0 0.0 0.0 0.0 0.0 0.0 0.0 0.0 0.0 0.0 0.0 0.0 0.0 0.0 0.0 0.0 0.0 0.0 0.0 0.0 0.0 0.0 0.0 0.0 0.0 0.0 0.0 0.0 0.0 0.0
    <Variance> 39
      1.0 1.0 1.0 1.0 1.0 1.0 1.0 1.0 1.0 1.0 1.0 1.0 1.0 1.0 1.0 1.0 1.0 1.0 1.0 1.0 1.0 1.0 1.0 1.0 1.0 1.0 1.0 1.0 1.0 1.0 1.0 1.0 1.0 1.0 1.0 1.0 1.0 1.0 1.0
 <State> 16 <NumMixes> 1   
  <Stream> 1
  <Mixture> 1 1.0
    <Mean> 39
      0.0 0.0 0.0 0.0 0.0 0.0 0.0 0.0 0.0 0.0 0.0 0.0 0.0 0.0 0.0 0.0 0.0 0.0 0.0 0.0 0.0 0.0 0.0 0.0 0.0 0.0 0.0 0.0 0.0 0.0 0.0 0.0 0.0 0.0 0.0 0.0 0.0 0.0 0.0
    <Variance> 39
      1.0 1.0 1.0 1.0 1.0 1.0 1.0 1.0 1.0 1.0 1.0 1.0 1.0 1.0 1.0 1.0 1.0 1.0 1.0 1.0 1.0 1.0 1.0 1.0 1.0 1.0 1.0 1.0 1.0 1.0 1.0 1.0 1.0 1.0 1.0 1.0 1.0 1.0 1.0
 <State> 17 <NumMixes> 1   
  <Stream> 1
  <Mixture> 1 1.0
    <Mean> 39
      0.0 0.0 0.0 0.0 0.0 0.0 0.0 0.0 0.0 0.0 0.0 0.0 0.0 0.0 0.0 0.0 0.0 0.0 0.0 0.0 0.0 0.0 0.0 0.0 0.0 0.0 0.0 0.0 0.0 0.0 0.0 0.0 0.0 0.0 0.0 0.0 0.0 0.0 0.0
    <Variance> 39
      1.0 1.0 1.0 1.0 1.0 1.0 1.0 1.0 1.0 1.0 1.0 1.0 1.0 1.0 1.0 1.0 1.0 1.0 1.0 1.0 1.0 1.0 1.0 1.0 1.0 1.0 1.0 1.0 1.0 1.0 1.0 1.0 1.0 1.0 1.0 1.0 1.0 1.0 1.0
 <TransP> 18
  0.000e+0    1.000e+0    0.000e+0    0.000e+0    0.000e+0   0.000e+0  0.000e+0  0.000e+0  0.000e+0  0.000e+0  0.000e+0  0.000e+0  0.000e+0  0.000e+0  0.000e+0  0.000e+0  0.000e+0  0.000e+0  
  0.000e+0    6.000e-1    4.000e-1    0.000e+0    0.000e+0   0.000e+0  0.000e+0  0.000e+0  0.000e+0  0.000e+0  0.000e+0  0.000e+0  0.000e+0  0.000e+0  0.000e+0  0.000e+0  0.000e+0  0.000e+0  
  0.000e+0    0.000e+0    6.000e-1    4.000e-1    0.000e+0   0.000e+0  0.000e+0  0.000e+0  0.000e+0  0.000e+0  0.000e+0  0.000e+0  0.000e+0  0.000e+0  0.000e+0  0.000e+0  0.000e+0  0.000e+0  
  0.000e+0    0.000e+0    0.000e+0    6.000e-1    4.000e-1   0.000e+0  0.000e+0  0.000e+0  0.000e+0  0.000e+0  0.000e+0  0.000e+0  0.000e+0  0.000e+0  0.000e+0  0.000e+0  0.000e+0  0.000e+0  
  0.000e+0    0.000e+0    0.000e+0    0.000e+0    6.000e-1   4.000e-1  0.000e+0  0.000e+0  0.000e+0  0.000e+0  0.000e+0  0.000e+0  0.000e+0  0.000e+0  0.000e+0  0.000e+0  0.000e+0  0.000e+0 
  0.000e+0    0.000e+0    0.000e+0    0.000e+0    0.000e+0   6.000e-1  4.000e-1  0.000e+0  0.000e+0  0.000e+0  0.000e+0  0.000e+0  0.000e+0  0.000e+0  0.000e+0  0.000e+0  0.000e+0  0.000e+0 
  0.000e+0    0.000e+0    0.000e+0    0.000e+0    0.000e+0   0.000e+0  6.000e-1  4.000e-1  0.000e+0  0.000e+0  0.000e+0  0.000e+0  0.000e+0  0.000e+0  0.000e+0  0.000e+0  0.000e+0  0.000e+0  
  0.000e+0    0.000e+0    0.000e+0    0.000e+0    0.000e+0   0.000e+0  0.000e+0  6.000e-1  4.000e-1  0.000e+0  0.000e+0  0.000e+0  0.000e+0  0.000e+0  0.000e+0  0.000e+0  0.000e+0  0.000e+0 
  0.000e+0    0.000e+0    0.000e+0    0.000e+0    0.000e+0   0.000e+0  0.000e+0  0.000e+0  6.000e-1  4.000e-1  0.000e+0  0.000e+0  0.000e+0  0.000e+0  0.000e+0  0.000e+0  0.000e+0  0.000e+0  
  0.000e+0    0.000e+0    0.000e+0    0.000e+0    0.000e+0   0.000e+0  0.000e+0  0.000e+0  0.000e+0  6.000e-1  4.000e-1  0.000e+0  0.000e+0  0.000e+0  0.000e+0  0.000e+0  0.000e+0  0.000e+0  
  0.000e+0    0.000e+0    0.000e+0    0.000e+0    0.000e+0   0.000e+0  0.000e+0  0.000e+0  0.000e+0  0.000e+0  6.000e-1  4.000e-1  0.000e+0  0.000e+0  0.000e+0  0.000e+0  0.000e+0  0.000e+0 
  0.000e+0    0.000e+0    0.000e+0    0.000e+0    0.000e+0   0.000e+0  0.000e+0  0.000e+0  0.000e+0  0.000e+0  0.000e+0  6.000e-1  4.000e-1  0.000e+0  0.000e+0  0.000e+0  0.000e+0  0.000e+0 
  0.000e+0    0.000e+0    0.000e+0    0.000e+0    0.000e+0   0.000e+0  0.000e+0  0.000e+0  0.000e+0  0.000e+0  0.000e+0  0.000e+0  6.000e-1  4.000e-1  0.000e+0  0.000e+0  0.000e+0  0.000e+0 
 0.000e+0    0.000e+0     0.000e+0    0.000e+0    0.000e+0   0.000e+0  0.000e+0  0.000e+0  0.000e+0  0.000e+0  0.000e+0  0.000e+0  0.000e+0  6.000e-1  4.000e-1  0.000e+0  0.000e+0  0.000e+0  
 0.000e+0    0.000e+0     0.000e+0    0.000e+0    0.000e+0   0.000e+0  0.000e+0  0.000e+0  0.000e+0  0.000e+0  0.000e+0  0.000e+0  0.000e+0  0.000e+0  6.000e-1  4.000e-1  0.000e+0  0.000e+0  
 0.000e+0    0.000e+0     0.000e+0    0.000e+0    0.000e+0   0.000e+0  0.000e+0  0.000e+0  0.000e+0  0.000e+0  0.000e+0  0.000e+0  0.000e+0  0.000e+0  0.000e+0  6.000e-1  4.000e-1  0.000e+0  
 0.000e+0    0.000e+0     0.000e+0    0.000e+0    0.000e+0   0.000e+0  0.000e+0  0.000e+0  0.000e+0  0.000e+0  0.000e+0  0.000e+0  0.000e+0  0.000e+0  0.000e+0  0.000e+0  9.000e-1  1.000e-1  
 0.000e+0    0.000e+0     0.000e+0    0.000e+0    0.000e+0   0.000e+0  0.000e+0  0.000e+0  0.000e+0  0.000e+0  0.000e+0  0.000e+0  0.000e+0  0.000e+0  0.000e+0  0.000e+0  0.000e+0  0.000e+1  
 

<EndHMM>

